                         precision    recall  f1-score   support

                 Benign       0.94      0.89      0.91       826
Malignant/Pre-malignant       0.64      0.79      0.71       209

               accuracy                           0.87      1035
              macro avg       0.79      0.84      0.81      1035
           weighted avg       0.88      0.87      0.87      1035

Balanced Accuracy : 0.8378
ROC AUC           : 0.9212
 Threshold   Sensitivity   Specificity   F1 Malignant
-------------------------------------------------------
      0.20        0.8421        0.8341         0.6743
      0.25        0.8278        0.8499         0.6838
      0.30        0.8182        0.8620         0.6923
      0.35        0.8134        0.8668         0.6953
      0.40        0.8038        0.8741         0.6985
      0.45        0.7943        0.8826         0.7034
      0.50        0.7895        0.8862         0.7051
      0.55        0.7751        0.8910         0.7028
      0.60        0.7656        0.8935         0.7002
      0.65        0.7512        0.8983         0.6978
      0.70        0.7368        0.9019         0.6937
      0.75        0.7273        0.9056         0.6925
      0.80        0.7129        0.9177         0.6995
